function x = x_syst_sen(filt)

x.f_axis = [0.000000e+000,
   6.250000e+001,
   1.250000e+002,
   1.875000e+002,
   2.500000e+002,
   3.125000e+002,
   3.750000e+002,
   4.375000e+002,
   5.000000e+002,
   5.625000e+002,
   6.250000e+002,
   6.875000e+002,
   7.500000e+002,
   8.125000e+002,
   8.750000e+002,
   9.375000e+002,
   1.000000e+003,
   1.062500e+003,
   1.125000e+003,
   1.187500e+003,
   1.250000e+003,
   1.312500e+003,
   1.375000e+003,
   1.437500e+003,
   1.500000e+003,
   1.562500e+003,
   1.625000e+003,
   1.687500e+003,
   1.750000e+003,
   1.812500e+003,
   1.875000e+003,
   1.937500e+003,
   2.000000e+003,
   2.062500e+003,
   2.125000e+003,
   2.187500e+003,
   2.250000e+003,
   2.312500e+003,
   2.375000e+003,
   2.437500e+003,
   2.500000e+003,
   2.562500e+003,
   2.625000e+003,
   2.687500e+003,
   2.750000e+003,
   2.812500e+003,
   2.875000e+003,
   2.937500e+003,
   3.000000e+003,
   3.062500e+003,
   3.125000e+003,
   3.187500e+003,
   3.250000e+003,
   3.312500e+003,
   3.375000e+003,
   3.437500e+003,
   3.500000e+003,
   3.562500e+003,
   3.625000e+003,
   3.687500e+003,
   3.750000e+003,
   3.812500e+003,
   3.875000e+003,
   3.937500e+003,
   4.000000e+003,
   4.062500e+003,
   4.125000e+003,
   4.187500e+003,
   4.250000e+003,
   4.312500e+003,
   4.375000e+003,
   4.437500e+003,
   4.500000e+003,
   4.562500e+003,
   4.625000e+003,
   4.687500e+003,
   4.750000e+003,
   4.812500e+003,
   4.875000e+003,
   4.937500e+003,
   5.000000e+003,
   5.062500e+003,
   5.125000e+003,
   5.187500e+003,
   5.250000e+003,
   5.312500e+003,
   5.375000e+003,
   5.437500e+003,
   5.500000e+003,
   5.562500e+003,
   5.625000e+003,
   5.687500e+003,
   5.750000e+003,
   5.812500e+003,
   5.875000e+003,
   5.937500e+003,
   6.000000e+003,
   6.062500e+003,
   6.125000e+003,
   6.187500e+003,
   6.250000e+003,
   6.312500e+003,
   6.375000e+003,
   6.437500e+003,
   6.500000e+003,
   6.562500e+003,
   6.625000e+003,
   6.687500e+003,
   6.750000e+003,
   6.812500e+003,
   6.875000e+003,
   6.937500e+003,
   7.000000e+003,
   7.062500e+003,
   7.125000e+003,
   7.187500e+003,
   7.250000e+003,
   7.312500e+003,
   7.375000e+003,
   7.437500e+003,
   7.500000e+003,
   7.562500e+003,
   7.625000e+003,
   7.687500e+003,
   7.750000e+003,
   7.812500e+003,
   7.875000e+003,
   7.937500e+003,
   8.000000e+003,
   8.062500e+003,
   8.125000e+003,
   8.187500e+003,
   8.250000e+003,
   8.312500e+003,
   8.375000e+003,
   8.437500e+003,
   8.500000e+003,
   8.562500e+003,
   8.625000e+003,
   8.687500e+003,
   8.750000e+003,
   8.812500e+003,
   8.875000e+003,
   8.937500e+003,
   9.000000e+003,
   9.062500e+003,
   9.125000e+003,
   9.187500e+003,
   9.250000e+003,
   9.312500e+003,
   9.375000e+003,
   9.437500e+003,
   9.500000e+003,
   9.562500e+003,
   9.625000e+003,
   9.687500e+003,
   9.750000e+003,
   9.812500e+003,
   9.875000e+003,
   9.937500e+003,
   1.000000e+004,
   1.006250e+004,
   1.012500e+004,
   1.018750e+004,
   1.025000e+004,
   1.031250e+004,
   1.037500e+004,
   1.043750e+004,
   1.050000e+004,
   1.056250e+004,
   1.062500e+004,
   1.068750e+004,
   1.075000e+004,
   1.081250e+004,
   1.087500e+004,
   1.093750e+004,
   1.100000e+004,
   1.106250e+004,
   1.112500e+004,
   1.118750e+004,
   1.125000e+004,
   1.131250e+004,
   1.137500e+004,
   1.143750e+004,
   1.150000e+004,
   1.156250e+004,
   1.162500e+004,
   1.168750e+004,
   1.175000e+004,
   1.181250e+004,
   1.187500e+004,
   1.193750e+004,
   1.200000e+004,
   1.206250e+004,
   1.212500e+004,
   1.218750e+004,
   1.225000e+004,
   1.231250e+004,
   1.237500e+004,
   1.243750e+004,
   1.250000e+004,
   1.256250e+004,
   1.262500e+004,
   1.268750e+004,
   1.275000e+004,
   1.281250e+004,
   1.287500e+004,
   1.293750e+004,
   1.300000e+004,
   1.306250e+004,
   1.312500e+004,
   1.318750e+004,
   1.325000e+004,
   1.331250e+004,
   1.337500e+004,
   1.343750e+004,
   1.350000e+004,
   1.356250e+004,
   1.362500e+004,
   1.368750e+004,
   1.375000e+004,
   1.381250e+004,
   1.387500e+004,
   1.393750e+004,
   1.400000e+004,
   1.406250e+004,
   1.412500e+004,
   1.418750e+004,
   1.425000e+004,
   1.431250e+004,
   1.437500e+004,
   1.443750e+004,
   1.450000e+004,
   1.456250e+004,
   1.462500e+004,
   1.468750e+004,
   1.475000e+004,
   1.481250e+004,
   1.487500e+004,
   1.493750e+004,
   1.500000e+004,
   1.506250e+004,
   1.512500e+004,
   1.518750e+004,
   1.525000e+004,
   1.531250e+004,
   1.537500e+004,
   1.543750e+004,
   1.550000e+004,
   1.556250e+004,
   1.562500e+004,
   1.568750e+004,
   1.575000e+004,
   1.581250e+004,
   1.587500e+004,
   1.593750e+004,
   1.600000e+004,
   1.606250e+004,
   1.612500e+004,
   1.618750e+004,
   1.625000e+004,
   1.631250e+004,
   1.637500e+004,
   1.643750e+004,
   1.650000e+004,
   1.656250e+004,
   1.662500e+004,
   1.668750e+004,
   1.675000e+004,
   1.681250e+004,
   1.687500e+004,
   1.693750e+004,
   1.700000e+004,
   1.706250e+004,
   1.712500e+004,
   1.718750e+004,
   1.725000e+004,
   1.731250e+004,
   1.737500e+004,
   1.743750e+004,
   1.750000e+004,
   1.756250e+004,
   1.762500e+004,
   1.768750e+004,
   1.775000e+004,
   1.781250e+004,
   1.787500e+004,
   1.793750e+004,
   1.800000e+004,
   1.806250e+004,
   1.812500e+004,
   1.818750e+004,
   1.825000e+004,
   1.831250e+004,
   1.837500e+004,
   1.843750e+004,
   1.850000e+004,
   1.856250e+004,
   1.862500e+004,
   1.868750e+004,
   1.875000e+004,
   1.881250e+004,
   1.887500e+004,
   1.893750e+004,
   1.900000e+004,
   1.906250e+004,
   1.912500e+004,
   1.918750e+004,
   1.925000e+004,
   1.931250e+004,
   1.937500e+004,
   1.943750e+004,
   1.950000e+004,
   1.956250e+004,
   1.962500e+004,
   1.968750e+004,
   1.975000e+004,
   1.981250e+004,
   1.987500e+004,
   1.993750e+004,
   2.000000e+004,
   2.006250e+004,
   2.012500e+004,
   2.018750e+004,
   2.025000e+004,
   2.031250e+004,
   2.037500e+004,
   2.043750e+004,
   2.050000e+004,
   2.056250e+004,
   2.062500e+004,
   2.068750e+004,
   2.075000e+004,
   2.081250e+004,
   2.087500e+004,
   2.093750e+004,
   2.100000e+004,
   2.106250e+004,
   2.112500e+004,
   2.118750e+004,
   2.125000e+004,
   2.131250e+004,
   2.137500e+004,
   2.143750e+004,
   2.150000e+004,
   2.156250e+004,
   2.162500e+004,
   2.168750e+004,
   2.175000e+004,
   2.181250e+004,
   2.187500e+004,
   2.193750e+004,
   2.200000e+004,
   2.206250e+004,
   2.212500e+004,
   2.218750e+004,
   2.225000e+004,
   2.231250e+004,
   2.237500e+004,
   2.243750e+004,
   2.250000e+004,
   2.256250e+004,
   2.262500e+004,
   2.268750e+004,
   2.275000e+004,
   2.281250e+004,
   2.287500e+004,
   2.293750e+004,
   2.300000e+004,
   2.306250e+004,
   2.312500e+004,
   2.318750e+004,
   2.325000e+004,
   2.331250e+004,
   2.337500e+004,
   2.343750e+004,
   2.350000e+004,
   2.356250e+004,
   2.362500e+004,
   2.368750e+004,
   2.375000e+004,
   2.381250e+004,
   2.387500e+004,
   2.393750e+004,
   2.400000e+004,
   2.406250e+004,
   2.412500e+004,
   2.418750e+004,
   2.425000e+004,
   2.431250e+004,
   2.437500e+004,
   2.443750e+004,
   2.450000e+004,
   2.456250e+004,
   2.462500e+004,
   2.468750e+004,
   2.475000e+004,
   2.481250e+004,
   2.487500e+004,
   2.493750e+004,
   2.500000e+004,
   2.506250e+004,
   2.512500e+004,
   2.518750e+004,
   2.525000e+004,
   2.531250e+004,
   2.537500e+004,
   2.543750e+004,
   2.550000e+004,
   2.556250e+004,
   2.562500e+004,
   2.568750e+004,
   2.575000e+004,
   2.581250e+004,
   2.587500e+004,
   2.593750e+004,
   2.600000e+004,
   2.606250e+004,
   2.612500e+004,
   2.618750e+004,
   2.625000e+004,
   2.631250e+004,
   2.637500e+004,
   2.643750e+004,
   2.650000e+004,
   2.656250e+004,
   2.662500e+004,
   2.668750e+004,
   2.675000e+004,
   2.681250e+004,
   2.687500e+004,
   2.693750e+004,
   2.700000e+004,
   2.706250e+004,
   2.712500e+004,
   2.718750e+004,
   2.725000e+004,
   2.731250e+004,
   2.737500e+004,
   2.743750e+004,
   2.750000e+004,
   2.756250e+004,
